1211.219971 7.999512 1457.163696 -1.726385
956.891602 7.994495 1458.345825 -1.633664
727.063416 8.001465 1454.972168 -1.833399
426.916321 7.989418 1239.359619 -2.252651
331.211853 8.371824 1087.386108 -3.324948
447.792542 7.991892 949.082581 -3.324948
383.528442 8.009399 840.205078 -5.641203
332.223083 7.993927 750.018677 -5.641203
269.383850 8.007080 608.550171 -6.574232
366.552155 8.007805 481.426117 -7.372633
496.535583 7.992638 322.686249 -7.176722
655.640137 8.012238 298.781311 -7.937017
805.222290 7.990982 317.455597 -7.937017
904.485840 7.994446 238.004700 -7.163100
1093.036865 8.390778 298.917633 -8.598866
1159.235962 8.001900 481.808563 -8.915737
1392.001709 8.007385 704.177795 -8.555840
1430.841309 8.177536 915.210754 -7.031508
1287.880127 8.004707 827.595581 -5.350437
1228.075073 8.006596 835.239929 -4.192811
1140.945068 8.001835 907.770142 -4.125888
1114.797607 8.001553 979.180115 -2.536317
1140.070068 8.142448 1065.206787 -3.578520
1051.299072 8.007442 1222.074097 -3.578520
1041.206909 7.996964 1335.380127 -2.930046
1156.867798 7.997677 1351.035522 -1.154405
1259.408081 8.005669 1257.511230 -1.154405
1391.225708 7.998306 1327.130371 -2.793962
1343.579346 7.994640 1422.603516 -4.069304
